ncpu        =        4
ndim        =          3
levelmin    =          6
levelmax    =         14
ngridmax    =     600000
nstep_coarse=      40278
 
boxlen      =  0.600000000000000E+02
time        =  0.498007157438646E+01
aexp        =  0.100000000000000E+01
H0          =  0.100000000000000E+01
omega_m     =  0.100000000000000E+01
omega_l     =  0.000000000000000E+00
omega_k     =  0.000000000000000E+00
omega_b     =  0.000000000000000E+00
unit_l      =  0.154265520169356E+23
unit_d      =  0.412501015839815E-24
unit_t      =  0.602871247665507E+16
 
ordering type=hilbert                                                                         
   DOMAIN   ind_min                 ind_max
       1   0.000000000000000E+00   0.284207716761600E+13
       2   0.284207716761600E+13   0.296554305945600E+13
       3   0.296554305945600E+13   0.296693435648000E+13
       4   0.296693435648000E+13   0.296693715449600E+13
       5   0.296693715449600E+13   0.296694724403200E+13
       6   0.296694724403200E+13   0.296697667993600E+13
       7   0.296697667993600E+13   0.296720638771200E+13
       8   0.296720638771200E+13   0.296758870835200E+13
       9   0.296758870835200E+13   0.297089656422400E+13
      10   0.297089656422400E+13   0.306018097561600E+13
      11   0.306018097561600E+13   0.587283090636800E+13
      12   0.587283090636800E+13   0.797664005324800E+13
      13   0.797664005324800E+13   0.802642683494400E+13
      14   0.802642683494400E+13   0.802769546854400E+13
      15   0.802769546854400E+13   0.802809049497600E+13
      16   0.802809049497600E+13   0.802817393868800E+13
      17   0.802817393868800E+13   0.802818049568000E+13
      18   0.802818049568000E+13   0.802822895296000E+13
      19   0.802822895296000E+13   0.802883416883200E+13
      20   0.802883416883200E+13   0.815503559884800E+13
      21   0.815503559884800E+13   0.941688356864000E+13
      22   0.941688356864000E+13   0.956392947251200E+13
      23   0.956392947251200E+13   0.956400270796800E+13
      24   0.956400270796800E+13   0.956400392468000E+13
      25   0.956400392468000E+13   0.956400408576000E+13
      26   0.956400408576000E+13   0.956400486918400E+13
      27   0.956400486918400E+13   0.956400562024800E+13
      28   0.956400562024800E+13   0.956400617401600E+13
      29   0.956400617401600E+13   0.956401597164800E+13
      30   0.956401597164800E+13   0.956401774649600E+13
      31   0.956401774649600E+13   0.956401866274400E+13
      32   0.956401866274400E+13   0.956401881409600E+13
      33   0.956401881409600E+13   0.956401965485600E+13
      34   0.956401965485600E+13   0.956402566246400E+13
      35   0.956402566246400E+13   0.956402911001600E+13
      36   0.956402911001600E+13   0.956407503001600E+13
      37   0.956407503001600E+13   0.956414076614400E+13
      38   0.956414076614400E+13   0.956466203852800E+13
      39   0.956466203852800E+13   0.957984486195200E+13
      40   0.957984486195200E+13   0.100390666240000E+14
      41   0.100390666240000E+14   0.150264799559680E+14
      42   0.150264799559680E+14   0.157988044144640E+14
      43   0.157988044144640E+14   0.158458707230720E+14
      44   0.158458707230720E+14   0.158467735306240E+14
      45   0.158467735306240E+14   0.158468449679360E+14
      46   0.158468449679360E+14   0.158469172700160E+14
      47   0.158469172700160E+14   0.158469195909840E+14
      48   0.158469195909840E+14   0.158469198993440E+14
      49   0.158469198993440E+14   0.158469203913600E+14
      50   0.158469203913600E+14   0.158469260419200E+14
      51   0.158469260419200E+14   0.158469280657920E+14
      52   0.158469280657920E+14   0.158469293194240E+14
      53   0.158469293194240E+14   0.158469320921040E+14
      54   0.158469320921040E+14   0.158469339194400E+14
      55   0.158469339194400E+14   0.158469354968320E+14
      56   0.158469354968320E+14   0.158469373807600E+14
      57   0.158469373807600E+14   0.158469385150640E+14
      58   0.158469385150640E+14   0.158469400962560E+14
      59   0.158469400962560E+14   0.158469419801600E+14
      60   0.158469419801600E+14   0.158469512673280E+14
      61   0.158469512673280E+14   0.158473357271040E+14
      62   0.158473357271040E+14   0.159094983884800E+14
      63   0.159094983884800E+14   0.187704331468800E+14
      64   0.187704331468800E+14   0.193275814215680E+14
      65   0.193275814215680E+14   0.193374196420480E+14
      66   0.193374196420480E+14   0.193374233144320E+14
      67   0.193374233144320E+14   0.193374346388480E+14
      68   0.193374346388480E+14   0.193374363111680E+14
      69   0.193374363111680E+14   0.193374367272960E+14
      70   0.193374367272960E+14   0.193374426757120E+14
      71   0.193374426757120E+14   0.193374438977920E+14
      72   0.193374438977920E+14   0.193374447711840E+14
      73   0.193374447711840E+14   0.193374450567680E+14
      74   0.193374450567680E+14   0.193374461058720E+14
      75   0.193374461058720E+14   0.193374549017600E+14
      76   0.193374549017600E+14   0.193376188743680E+14
      77   0.193376188743680E+14   0.193422442536960E+14
      78   0.193422442536960E+14   0.195504730275840E+14
      79   0.195504730275840E+14   0.223546336870400E+14
      80   0.223546336870400E+14   0.254919227473920E+14
      81   0.254919227473920E+14   0.256053451161600E+14
      82   0.256053451161600E+14   0.256197228067840E+14
      83   0.256197228067840E+14   0.256202678599680E+14
      84   0.256202678599680E+14   0.256203361489280E+14
      85   0.256203361489280E+14   0.256203502624000E+14
      86   0.256203502624000E+14   0.256203548535520E+14
      87   0.256203548535520E+14   0.256203551981040E+14
      88   0.256203551981040E+14   0.256203639682560E+14
      89   0.256203639682560E+14   0.256203660456320E+14
      90   0.256203660456320E+14   0.256203666446800E+14
      91   0.256203666446800E+14   0.256203672675360E+14
      92   0.256203672675360E+14   0.256204102236160E+14
      93   0.256204102236160E+14   0.256206560296960E+14
      94   0.256206560296960E+14   0.256926097080320E+14
      95   0.256926097080320E+14   0.269671433502720E+14
      96   0.269671433502720E+14   0.271555538452480E+14
      97   0.271555538452480E+14   0.271561417011200E+14
      98   0.271561417011200E+14   0.271561480627200E+14
      99   0.271561480627200E+14   0.271561518622720E+14
     100   0.271561518622720E+14   0.271561691139840E+14
     101   0.271561691139840E+14   0.271561869187120E+14
     102   0.271561869187120E+14   0.271561902081920E+14
     103   0.271561902081920E+14   0.271561912258560E+14
     104   0.271561912258560E+14   0.271561936163840E+14
     105   0.271561936163840E+14   0.271562016963200E+14
     106   0.271562016963200E+14   0.271562104909440E+14
     107   0.271562104909440E+14   0.271562534353920E+14
     108   0.271562534353920E+14   0.271563300777600E+14
     109   0.271563300777600E+14   0.271568413327360E+14
     110   0.271568413327360E+14   0.271965356032000E+14
     111   0.271965356032000E+14   0.272829912186880E+14
     112   0.272829912186880E+14   0.303291799961600E+14
     113   0.303291799961600E+14   0.321715448053760E+14
     114   0.321715448053760E+14   0.322167117496320E+14
     115   0.322167117496320E+14   0.322171584512000E+14
     116   0.322171584512000E+14   0.322173912786560E+14
     117   0.322173912786560E+14   0.322174142908160E+14
     118   0.322174142908160E+14   0.322174199605760E+14
     119   0.322174199605760E+14   0.322174306302720E+14
     120   0.322174306302720E+14   0.322174334262000E+14
     121   0.322174334262000E+14   0.322174335779040E+14
     122   0.322174335779040E+14   0.322174339093120E+14
     123   0.322174339093120E+14   0.322174355859040E+14
     124   0.322174355859040E+14   0.322174494679040E+14
     125   0.322174494679040E+14   0.322174774231040E+14
     126   0.322174774231040E+14   0.322175533056000E+14
     127   0.322175533056000E+14   0.323446940631040E+14
     128   0.323446940631040E+14   0.351843720888320E+14
